0.0100	3.91
0.0110	4.26
0.0120	4.60
0.0130	4.93
0.0140	5.25
0.0150	5.57
0.0160	5.88
0.0170	6.18
0.0180	6.48
0.0200	7.06
0.0225	7.76
0.0250	8.43
0.0275	9.07
0.0300	9.69
0.0325	10.30
0.0350	10.88
0.0375	11.45
0.0400	12.00
0.0450	13.07
0.0500	14.10
0.0550	15.09
0.0600	16.04
0.0650	16.97
0.0700	17.86
0.0800	19.58
0.0900	21.21
0.100	22.77
0.110	24.26
0.120	25.69
0.130	27.07
0.140	28.40
0.150	29.69
0.160	30.95
0.170	32.17
0.180	33.36
0.200	35.66
0.225	38.41
0.250	41.05
0.275	43.60
0.300	46.07
0.325	48.48
0.350	50.84
0.375	53.16
0.400	55.44
0.450	59.95
0.500	64.39
0.550	68.80
0.600	73.22
0.650	77.65
0.700	82.12
0.800	91.23
0.900	100.61
1.00	110.32
1.10	120.38
1.20	130.84
1.30	141.70
1.40	152.97
1.50	164.67
1.60	176.79
1.70	189.35
1.80	202.34
2.00	229.63
2.25	266.17
2.50	305.40
2.75	347.29
3.00	391.81
3.25	438.92
3.50	488.60
3.75	540.81
4.00	595.53
4.50	712.38
5.00	839.09
5.50	975.53
6.00	1120
6.50	1280
7.00	1440
8.00	1800
9.00	2200
10.0	2630